188
5
503
649
948
207
271
251
505
711
702
986
569
117
393
168
450
830
856
499
140
208
787
919
963
503
358
433
922
667
400
66
769
863
602
869
697
750
680
224
543
314
465
408
512
843
264
298
151
853
311
401
63
368
945
697
300
475
54
494
257
248
225
423
821
503
541
802
342
933
688
414
312
78
219
743
261
891
841
276
4
85
358
287
780
202
164
31
853
763
216
687
497
538
72
253
386
662
180
174
337
723
974
575
880
13
291
932
305
369
541
923
13
47
809
106
128
820
532
283
376
98
393
825
960
262
946
695
349
475
875
990
965
951
749
896
439
759
457
360
323
200
432
347
806
829
599
699
234
547
651
800
275
468
877
960
795
530
235
213
524
546
835
681
687
692
412
801
334
790
256
340
99
887
885
976
242
196
154
386
701
559
807
167
439
803
924
315
689
615
87
706
584
392
956
195
278
790
865
259
172
187
640
702
280
220
829
24
972
683
416
160
650
908
837
61
95
466
422
248
118
109
540
866
425
174
966
379
457
726
336
347
703
894
478
856
572
171
800
973
128
987
849
90
469
777
626
599
437
594
490
938
402
811
213
814
679
268
662
83
567
854
356
528
383
126
735
242
969
737
49
78
78
887
202
501
968
64
454
81
105
663
190
51
655
628
348
696
901
328
838
769
665
544
396
736
629
279
343
672
356
215
65
17
606
595
344
758
876
733
783
878
802
787
320
829
117
809
165
867
140
916
495
128
794
680
5
227
807
961
969
811
797
755
547
214
907
832
458
89
623
46
152
710
778
666
781
292
526
265
419
490
634
691
948
478
384
240
535
435
978
397
888
463
248
593
355
246
67
733
76
738
817
335
763
369
110
977
873
487
712
289
106
905
178
376
762
273
987
559
344
866
155
400
911
461
869
509
823
438
210
934
768
199
320
306
299
12
62
57
186
425
597
605
698
946
984
593
366
19
941
587
661
110
920
814
577
95
964
924
107
875
159
654
630
98
302
885
988
32
777
238
542
684
755
657
943
811
425
341
171
443
790
774
71
848
990
219
670
353
772
566
856
271
36
382
244
817
196
204
699
364
628
186
527
419
84
435
371
435
911
78
263
301
567
759
879
758
788
225
789
265
771
378
437
882
337
728
578
259
226
734
55
626
725
8
960
377
314
884
129
427
265
669
33
602
832
264
292
646
642
6
104
975
171
187
527
422
703
696
866
770
882
975
528
596
342
913
879
422
65
183
930
355
222
522
720
793
127
945
418
538
125
726
665
334
570
847
869
306
132
165
717
545
874
769
872
53
726
313
705
805
858
331
441
866
969
51
872
204
432
57
836
864
453
915
511
722
722
137
108
998
364
786
639
865
79
533
911
630
735
925
49
537
154
173
365
991
901
146
965
26
535
405
207
412
468
682
500
255
615
567
323
988
911
974
49
448
347
481
635
904
382
17
248
126
944
849
760
611
750
405
93
657
306
82
300
66
625
313
460
310
900
793
766
989
307
398
919
526
917
864
139
448
831
392
369
84
239
114
191
563
466
48
754
630
374
572
262
342
411
967
275
694
27
292
293
37
141
340
725
651
444
14
273
138
490
781
697
295
966
739
96
236
934
984
544
783
343
36
274
718
208
628
594
803
244
678
943
202
817
833
825
965
176
778
901
724
999
725
763
690
796
122
946
988
993
96
726
154
623
21
130
819
592
127
615
811
107
808
793
439
973
52
484
282
912
167
795
783
361
330
692
561
58
351
105
752
488
724
696
986
771
96
864
270
433
811
804
447
678
462
762
622
475
995
499
973
997
437
161
362
902
514
673
366
36
974
648
160
118
636
124
534
716
815
368
735
467
207
743
559
607
457
58
108
414
451
73
447
893
56
130
854
70
171
15
402
712
210
427
821
872
282
230
849
779
87
83
704
565
769
269
296
650
534
707
975
691
183
568
658
289
823
260
798
40
216
795
551
529
856
651
476
129
18
37
311
477
412
639
126
241
209
393
282
668
428
427
152
989
863
396
873
425
790
466
510
997
296
19
147
729
707
443
411
553
859
296
481
376
413
61
928
143
120
717
171
30
871
475
483
466
81
270
110
663
433
713
912
93
116
176
702
561
502
708
806
503
997
991
27
626
619
940
718
339
471
988
235
968
87
831
145
121
577
790
732
207
695
24
427
38
202
875
557
934
662
719
219
608
632
846
410
632
163
241
482
172
127
55
808
646
940
994
408
504
765
146
880
83
1000
990
49
419
310
666
94
537
333
175
33
918
412
699
106
260
449
914
696
